0
59.9133
58.4783
58.97
59.4464
58.8517
58.365
58.5197
58.6569
58.6064
58.7772
58.7228
58.7819
58.88
59.0017
59.0633
59.2172
59.4683
59.6875
59.0622
59.2003
59.3617
59.2564
59.3072
59.5456
63.1103
62.7564
62.4778
62.0606
62.2583
62.3556
62.3564
62.3642
62.2003
62.1914
62.3756
62.4247
62.5625
62.5844
62.5047
62.8286
62.9972
62.9164
62.9536
62.6128
62.9475
63.4019
63.2686
62.0878
62.3036
62.9167
67.2828
68.4206
65.0967
65.3236
65.4758
65.6753
65.6683
65.9986
65.9567
66.1128
65.7992
65.4006
65.5475
66.0914
66.2578
66.0542
66.3719
66.4319
66.5075
66.5933
66.7881
67.0233
66.9172
66.92
67.2206
67.2206
67.7983
68.4042
68.5364
67.52
67.6731
68.0792
68.2214
68.2781
68.535
68.6953
68.8883
68.7086
69.0944
67.9253
68.0758
59.1264
59.4592
59.2858
59.2053
59.7378
59.6694
60.2053
59.0564
59.2231
59.5111
59.5822
59.4806
59.3731
59.3489
59.4725
59.575
59.75
59.6603
59.6989
59.8086
59.9383
59.8353
59.84
59.8892
59.7742
59.8989
59.95
60.0731
60.0825
60.1708
60.1308
60.35
60.2456
60.4158
60.0478
60.4086
60.5583
60.7503
60.9058
60.6303
60.5717
60.0525
60.195
59.9575
59.7719
59.7939
59.8478
60.0172
60.3072
60.2711
60.2528
60.2431
60.7992
61.1167
60.7925
61.0242
60.8253
60.7158
60.4422
60.2367
59.9981
60.4564
60.6536
60.7533
60.9275
61.31
61.1464
61.635
61.8594
61.8833
62.4014
62.2753
62.0717
62.1992
62.4761
62.035
62.2106
61.9361
61.8108
61.8486
61.6589
61.8169
61.5689
61.5356
61.2653
61.2767
60.6133
60.6528
60.4411
60.6769
60.9319
60.6964
60.9672
60.9597
61.0606
61.2364
61.2144
59.4208
59.4953
59.2981
59.1306
59.0811
59.1156
59.2081
59.6294
59.1667
59.2975
59.0197
58.8869
59.1233
59.2847
59.45
60.0092
59.665
59.5133
59.3983
59.0764
59.1658
59.4172
59.8014
58.7264
58.3519
58.4608
58.1472
58.1042
58.0828
58.3272
58.8925
58.7756
58.6239
58.5831
58.2469
58.4494
58.7981
58.4411
58.5847
58.9242
59.2125
59.4431
58.3106
58.7019
58.1692
58.4567
58.3381
58.8619
60.3894
61.5997
59.6639
59.5736
59.7794
59.8081
59.9189
59.9983
59.9281
60.3117
60.435
60.6211
60.7025
60.37
60.4028
60.1956
60.0378
60.6108
60.4714
60.6069
60.8806
60.5181
60.6667
60.7711
60.7689
60.8383
61.0242
61.1308
61.1708
61.1881
61.0569
61.2422
60.8681
61.0511
61.2914
61.4939
61.4058
61.3061
61.4522
61.8086
61.9114
61.7439
61.8386
63.4297
64.0581
64.4939
63.7256
64.2978
62.5736
62.8308
62.5742
62.8686
62.9211
63.1764
63.2814
63.3728
63.1983
63.0183
63.4381
63.475
63.6039
63.6547
63.7981
64.2244
64.3761
64.9208
64.8719
64.5314
64.7242
64.5078
64.4197
65.0881
63.8994
63.6439
63.2906
63.5472
63.7833
63.9778
63.3067
64.8392
63.0422
69.6828
68.8
69.9767
70.3706
70.0733
70.6625
68.7019
68.4844
68.8294
68.69
68.6578
68.8642
68.9006
68.975
69.0919
69.0669
69.0806
69.3047
70.13
69.6903
69.2786
69.6039
70.0853
69.705
69.8942
69.0117
70.2394
70.5917
70.9967
70.9781
70.0522
69.4819
70.9453
71.0411
70.8581
70.1994
70.1733
70.6353
69.7286
0
0
10.7389
6.06306
5.73139
5.29833
5.73611
6.31028
6.46139
6.14667
5.72472
5.59667
5.76528
6.00861
5.62861
5.61528
6.02778
6.34083
6.49972
6.43722
5.41167
5.42306
5.54278
5.24917
4.88611
5.81806
7.72778
7.23861
6.19028
5.6975
5.43139
5.54444
5.85389
6.00139
6.13222
6.94889
6.64417
6.20611
6.10194
7.01833
7.78194
6.84583
7.55528
7.91917
8.21806
8.63417
8.77
8.02917
8.60778
6.01417
7.25778
7.2275
14.375
17.56
12.5886
12.1772
12.4003
11.9578
12.5186
12.2172
12.5728
13.1308
13.2506
13.5106
14.1344
12.5258
13.035
14.0306
14.3428
12.855
12.0308
13.3594
13.6758
14.0772
14.6747
15.56
15.8086
15.8086
15.1719
15.5714
16.9319
12.0989
12.6692
13.2744
13.7844
14.5208
14.825
14.5794
15.1833
15.2808
15.7644
12.9589
15.7822
11.4828
10.7008
11.1119
10.95
10.205
9.65167
10.1525
11.0222
11.6956
11.6283
11.1703
11.1444
11.4203
10.855
10.9169
10.7319
10.8667
10.7836
10.6553
10.6556
10.5067
10.435
11.5683
11.0753
11.1019
10.9642
11.0833
10.8722
11.0144
11.1881
11.4892
11.25
10.9528
11.0086
10.2911
9.48417
9.10111
8.98472
8.51472
8.56111
8.07167
9.60111
9.66444
9.98278
9.83611
10.2661
9.48222
9.23389
8.80556
10.4019
10.6672
12.2256
11.0561
10.4667
10.695
10.8019
11.3908
11.1903
11.5681
11.7456
12.0606
12.0583
12.1531
11.8975
11.7153
12.315
11.4158
10.8742
11.1761
12.0333
11.0222
10.8325
10.5075
10.0353
11.2431
9.4675
8.64472
7.96028
8.63917
9.12111
9.72778
9.57333
9.92333
10.3081
10.4133
9.9225
10.9161
10.5961
10.4956
10.2789
10.0172
9.65889
9.65361
9.26417
8.91722
9.14361
8.50417
10.4328
10.2486
10.4236
10.2167
10.0164
9.71
9.55278
9.19139
10.4
9.70639
9.56083
9.34694
8.98194
9.12389
9.1
8.55944
8.72611
8.64889
8.495
8.51833
8.01972
7.97861
7.77917
9.19444
8.54444
8.76639
7.99722
7.28889
6.75278
6.66667
8.95667
8.83222
8.92778
8.57222
8.31694
8.23333
8.36917
7.95583
7.77056
7.76472
7.53583
7.255
7.85694
7.39361
7.05583
7.21972
7.02306
6.81333
5.33
5.03278
5.93333
5.36333
5.21833
5.46639
5.37139
5.57722
6.03694
6.81472
7.27722
7.08028
6.42306
6.14389
5.80556
5.62222
5.26833
4.82472
5.16056
5.81611
5.92528
5.54139
5.33333
4.92611
4.73056
5.44861
5.11944
4.94778
5.29306
5.89556
6.57806
7.055
7.24333
7.59778
7.79806
7.32944
5.24222
5.46333
5.85722
5.42083
6.03722
6.17056
6.86278
10.3933
11.7189
11.5117
8.74417
10.5133
9.60889
9.87444
11.3831
11.2772
10.5006
10.3036
10.0553
10.7508
11.1403
11.815
11.8494
11.1708
10.7744
11.2603
11.9492
12.6253
13.6097
13.6508
12.9764
12.62
12.3339
11.8939
10.9078
11.6169
11.22
10.1869
9.08917
8.85472
9.8
10.3856
9.85028
11.4608
9.28944
18.9428
16.5458
23.2958
31.0242
29.7497
23.6833
16.1469
16.2925
17.2458
17.5417
17.5836
18.3528
17.8931
19.0644
18.1936
17.7414
16.8031
19.2036
19.4308
20.0817
20.2867
20.5325
20.6594
21.2092
21.9803
23.0433
22.3486
22.3028
24.6614
25.9747
24.9558
25.105
27.3511
27.8514
29.085
28.1858
28.5536
29.7208
30.0417
0
