   -3.9   0   76.6
   0.4   1.4   73
   1.4   0   59.6
   0   0   58.3
   2   0.6   62.9
   -0.2   1.4   74.8
   -3.1   2   79.3
   0.2   1.8   72.2
   -0.3   1.2   77
   1.3   0.8   71.4
   0.9   1.1   71.8
   -0.1   1.1   68.6
   2   0.6   65.1
   1.7   0   66.1
   2.1   0   59.3
   -3.7   0.8   70.2
   -4.6   1.2   62.2
   -4.8   0.9   63.4
   2.2   1.2   58.3
   1.9   1.2   59
   0.3   0.9   56
   2.1   1.3   61.1
   1.8   1.2   60.7
   -2.6   0   61.8
   -1.5   0   60.1
   -4.8   0   55.4
   -0.8   0   58.5
   -4.8   0   50.3
   -0.6   0   66.5
   -3   0   69.8
   -3.2   0   58.8
   -2.9   0   55.2
   -2.5   0   36.2
   -10.7   0   47.4
   -3.2   0   43.9
   -3.9   0   52.9
   -1.2   0   62.7
   -9.8   0   45.2
   -2.9   0   47.5
   -4.9   0   66.8
   -2.6   0   61.1
   -7.3   0   60.9
   -7.3   0   59.2
   -10.2   0   51.8
   -11   0   49.8
   -5.9   0   77.2
   -4.2   0   42
   -5.2   0   46.8
   -1.4   0   34.9
   -3.3   0   49.3
   -3.5   0   61.4
   -11.3   0   67.3
   -5   0   72.8
   -3.4   0   69.4
   -4.9   0   72.5
   -2.3   0   67.2
   -8.6   0   80.7
   -1.2   0   63.8
   -6.2   0   70.6
   -5.2   0   67.5
   -11.7   0   83.1
   -9.4   0   89.5
   -13.3   0   84
   -4   0   67.2
   -7.5   0   68.3
   -7.1   0   72.2
   -9.2   0   71
   -4.3   0   59.8
   -0.3   0   62.9
   -5.7   0   63.1
   -8.9   0   57.9
   -4.8   0   52.1
   -9   0   65.8
   -8.4   0   74.9
   -12.6   0   75.7
   -12.6   0   75.7
   -5.8   0   61.4
   -5.6   0   73.3
   -8.7   0   73.3
   1.5   1.6   68.1
   1.4   0.9   65.4
   -2.8   3.2   84.6
   0   2   80.8
   -2.1   0.9   79.7
   -2.5   0   79.9
   0.3   0.6   85.3
   -0.3   0   78.4
   -0.7   0   73.1
   -1.6   0   74.6
   -1.6   2.1   83.3
   -4.8   0   59
   -4.4   0   86
   -5.2   0   79.8
   -6   0   82.4
   -5.2   0   82
   -5.2   0   78.2
   -6.6   0   80.1
   -8.5   0   84.3
   -3.7   0   85.7
   -5.1   0   85
   -6.1   0   85.9
   -7   0   86.7
   -7   0   86.1
   -5.6   0   85.5
   -5.6   0   81.5
   -5.9   0   79.8
   -5.5   0   81.5
   -5.8   0   81.2
   -5.6   0   83.2
   -4.9   0   79.2
   -5.2   0   79.5
   -4.7   0   78.5
   -4.2   0   77.4
   -9.9   0   88.8
   -8.4   0   88.9
   -7.2   0   83.5
   -7.4   0   88.6
   -7.3   0   85.9
   -6.9   0   88.1
   -6.6   0   88.4
   -6.7   0   90.4
   -12.2   0   86.5
   -6.6   0   85.3
   -7.6   0   90.1
   -7.5   0   88.8
   -7   0   80.7
   -8.9   0   81.9
   -13.4   0   81.6
   -13   0   85.2
   -14.2   0   92.9
   -13.5   0   82.7
   -15.5   0   88.9
   -5.9   0   89.3
   -4.8   0   82.4
   -7.1   0   81.4
   -6.4   0   77.6
   -5   0   78.4
   -8.5   0   91.6
   -8.7   0   80.4
   -12.5   0   88.3
   -5.6   0   83.2
   -9.5   0   89.5
   -10   0   90.9
   -10   0   93
   -10.6   0   83.6
   -6.4   0   82.4
   -10.1   0   88.9
   -11.8   0   89.5
   -10.6   0   90.5
   -8.2   0   90.9
   -12.2   0   86.3
   -8.8   0   90.2
   -10.4   0   88.8
   -12.1   0   89.5
   -9.2   0   89.4
   -10.3   0   90.5
   -8.5   0   90.7
   -12.9   0   90.4
   -16.2   0   84.4
   -12.8   0   87.4
   -13.5   0   88.6
   -19.3   0   88.5
   -20.5   0   84.9
   -24.3   0   97.7
   -10   0   89.1
   -18.7   0   78.6
   -19.7   0   96.6
   -14   0   77
   -16.1   0   80.4
   -15.9   0   72.9
   -10.3   0   81.6
   -16.2   0   84.8
   -12   0   86.3
   -15.4   0   79.8
   -12.8   0   90.1
   -12.1   0   79.5
   -13.6   0   88.1
   -8.3   0   91.4
   -8.7   0   86.8
   -8   0   81.4
   -9.3   0   83.1
   -10.3   0   88.4
   -9.9   0   86.1
   -11.2   0   88
   -14.1   0   81.7
   -14.3   0   80.6
   -18.6   0   96.2
   -12.1   0   88.1
   -3.7   0   81.6
   -5   0   82
   -3.9   0   85.6
   -3.8   0   84.7
   -3.6   0   81.9
   -2.7   0   79
   -1.4   0   74.4
   -5.4   0   72.9
   -3.7   0   84.1
   -3.4   0   79.6
   -3.2   0   79.9
   -2.4   0.7   79.5
   -2.2   0.9   75
   -4.1   0   73.3
   -4.1   0   72.5
   -14.9   0   89.7
   -7.3   0   91.1
   -2.4   0   73.6
   -2.1   0.6   78.4
   -2.2   1.5   81.9
   -4.1   1.7   83.4
   -6.7   1.4   84.2
   -11.3   0.6   90.9
   -2.1   0.9   82
   -1.9   3   86.8
   -2.1   2.1   86
   -0.9   5   85.8
   -2   4.6   84
   0   2.9   81.1
   -0.9   1.6   76.5
   -3   1.4   83.6
   -3.6   1.3   83.8
   -2.4   1   82.6
   -3.8   1.1   86.2
   -2.2   4.3   87.5
   -3.8   1.6   88.5
   -5.9   1.9   88.1
   -3.4   1.5   85.8
   -2.3   1.7   79.6
   -3.8   2.4   81.3
   -4.2   2.2   82.2
   -10   1.6   94.9
   -2.5   2.7   86.5
   -4   3.2   89
   -0.9   2.9   80.8
   -1.6   2.2   83.5
   -1   2.1   80.7
   -4.3   2.2   80.2
   0   0   47.6
   2   0   44.4
   0   0   53.9
   0.5   0   59.4
   2.1   0   56.4
   1.1   0   56.3
   -1.2   0   59.9
   -1.1   0   50.6
   -5.5   0   56
   -12.8   0   81.7
   -9.6   0   74.5
   -7.2   0   68.2
   -9.4   0   63.2
   -1.8   0   57.9
   -2   0   47.1
   0.6   0   42
   1   0   54.7
   1.1   0   55.3
   -0.5   0   54.4
   -4.8   0   59.2
   -11.3   0   65.7
   -1.8   0   52
   -0.2   0   47.2
   -1.7   0   73.9
   1   0   52.5
   -5.1   0   59.2
   -2.9   0   46
   0.5   0   57.1
   -0.4   0   47.3
   -3.3   0   49.7
   -6.1   0   53.4
   -5.1   0   57.9
   -8.9   0   65.5
   -1.9   0   52.4
   -9   0   59.9
   -14.4   0   59.9
   -2.8   0   49.2
   -3.1   0   46.8
   -2.1   0   52.3
   -4.6   0   54.5
   -0.5   0   44.1
   -3.8   0   44.2
   -14   0   50.3
   -11.4   0   72.6
   -11   0   77.9
   -9.7   0   77.8
   -3.2   0   58.2
   -6.7   0   66.6
   -9   0   53.2
   -6.7   0   62.8
   -22.7   0   93.2
   -14.7   0   85.7
   -11   0   76.1
   -12.7   0   77.9
   -10.4   0   70.8
   -7.6   0   66
   -10.9   0   80.9
   -11.8   0   85.7
   -14.4   0   73.7
   -11.9   0   84.7
   -11.4   0   75.9
   -9.6   0   76.5
   -9.7   0   73.8
   -8.3   0   83.5
   -11   0   92.1
   -9.8   0   89.5
   -14.3   0   92.4
   -13.4   0   86.7
   -13.6   0   82.9
   -8.9   0   78.3
   -7.8   0   64
   -5.8   0   72.2
   -14.7   0   82.2
   -9.2   0   82.7
   -8.5   0   54.7
   -9.5   0   76.1
   -8.4   0   70.8
   -8.5   0   72.4
   -13.3   0   79.8
   -5.3   0   72.7
   -12.1   0   67.3
   -3   0   59.4
   -2.2   0   62.9
   -8.6   0   76.1
   -6.7   0   84.5
   -7.5   0   86.2
   -5.9   0   74
   -6.7   0   77.7
   -6.9   0   75.8
   -4.3   0   63.4
   -3.8   0   54.1
   -7.3   0   64.7
   -4.9   0   60.1
   -5.8   0   59.6
   -7.2   0   65.3
   -7.6   0   61.9
   -4.6   0   56.6
   -1.5   0   64.4
   -10   0   68.1
   -4.7   0   66.4
   -19.1   0   73.9
   -13.9   0   79.3
   -5.2   0   57.1
   -6   0   71.4
   -8.5   0   65.5
   -9.1   0   65
   -9   0   88.6
   -4.8   0   54.8
   -4.1   0   76.6
   -7.6   0   71.4
   -5.9   0   80.1
   -8.4   0   82.1
   -10.4   0   89.2
   -7.6   0   82
   -8.9   0   80.2
   -8.4   0   77.1
   -10.3   0   85.4
   -13.7   0   83.6
   -9.5   0   83.7
   -11.3   0   83.4
